00100000000000010000000000000001
00100000000000100000000000000010
00100000000000110000000000000011
00000000010000110010100000100000
00000000101000010010000000100010
00000000100001010011000000100101
00000000100001010011100000100110
00000000100001010011000000100111
00000000001001010011100000100011
00000000110000110000100000101010
00000000110000110001000000101011
00000000000000110001100001000000
00000000000001000010000001000010
10101100000000110000000000000000
10001100000001100000000000000000
00010100110000010000000000000001
00100100110001100000000000000001
00100100110001100000000000000010
00100100000001110000000000001000
00010000110001110000000000000001
00100000000001110000000000000000
00110000011001110000000000001100
00110100111001110000000000001000
00111000111001110000000000000011
00101000111000011111111111110000
00101100111000101111111111110000
00001000000100000000000000011100
00100000000000010000000000001100
00100000000000010000000000000001
00001100000100000000000000011111
00100000000000100000000000001100
00100000000000100000000000000010
